site_year	CleanerID	rel.abund.cleaners	rel.abund.visitors	rel.abund.residents	prob.Vis.Leav	visitorChoices	visitorChoices_pred
CB_2010	CL01	0.116732	0.0702992	0.812969	0.0425536	9	0.520371
CB_2010	CL02	0.116732	0.0702992	0.812969	0.0425536	17	0.520371
CB_2010	CL03	0.116732	0.0702992	0.812969	0.0425536	3	0.520371
CB_2010	CL04	0.116732	0.0702992	0.812969	0.0425536	16	0.520371
CB_2010	CL05	0.116732	0.0702992	0.812969	0.0425536	11	0.520371
MC_2010	CL04	0.343586	0.216414	0.439999	0.212608	18	0.736478
MC_2010	CL03	0.343586	0.216414	0.439999	0.212608	18	0.736478
MC_2010	CL01	0.343586	0.216414	0.439999	0.212608	18	0.736478
MC_2010	CL07	0.343586	0.216414	0.439999	0.212608	18	0.736478
MC_2010	CL08	0.343586	0.216414	0.439999	0.212608	17	0.736478
MC_2010	CL09	0.343586	0.216414	0.439999	0.212608	10	0.736478
MC_2010	CL05	0.343586	0.216414	0.439999	0.212608	17	0.736478
MC_2010	CL02	0.343586	0.216414	0.439999	0.212608	18	0.736478
MC_2010	CL06	0.343586	0.216414	0.439999	0.212608	18	0.736478
MC_2010	CL10	0.343586	0.216414	0.439999	0.212608	5	0.736478
CB_2010	CL06	0.116732	0.0702992	0.812969	0.0425536	5	0.518038
CB_2010	CL07	0.116732	0.0702992	0.812969	0.0425536	13	0.518038
CB_2010	CL08	0.116732	0.0702992	0.812969	0.0425536	6	0.518038
CB_2010	CL09	0.116732	0.0702992	0.812969	0.0425536	9	0.518038
CB_2010	CL10	0.116732	0.0702992	0.812969	0.0425536	14	0.518038
CB_2017	CL01	0.14881	0.121356	0.729834	0.202134	13	0.639777
CB_2017	CL02	0.14881	0.121356	0.729834	0.202134	10	0.639777
CB_2017	CL03	0.14881	0.121356	0.729834	0.202134	4	0.639777
CB_2017	CL04	0.14881	0.121356	0.729834	0.202134	15	0.639777
CB_2017	CL05	0.14881	0.121356	0.729834	0.202134	10	0.639777
CB_2017	CL06	0.14881	0.121356	0.729834	0.202134	9	0.639777
CB_2017	CL07	0.14881	0.121356	0.729834	0.202134	10	0.639777
CB_2017	CL08	0.14881	0.121356	0.729834	0.202134	6	0.639777
CB_2017	CL09	0.14881	0.121356	0.729834	0.202134	12	0.639777
CB_2017	CL10	0.14881	0.121356	0.729834	0.202134	1	0.639777
NHS_2017	CL11	0.424815	0.124715	0.45047	0.351928	18	0.743963
NHS_2017	CL12	0.424815	0.124715	0.45047	0.351928	19	0.743963
NHS_2017	CL13	0.424815	0.124715	0.45047	0.351928	2	0.743963
NHS_2017	CL14	0.424815	0.124715	0.45047	0.351928	16	0.743963
NHS_2017	CL15	0.424815	0.124715	0.45047	0.351928	15	0.743963
NHS_2017	CL16	0.424815	0.124715	0.45047	0.351928	11	0.743963
NHS_2017	CL17	0.424815	0.124715	0.45047	0.351928	18	0.743963
NHS_2017	CL18	0.424815	0.124715	0.45047	0.351928	19	0.743963
NHS_2017	CL19	0.424815	0.124715	0.45047	0.351928	19	0.743963
NHS_2017	CL20	0.424815	0.124715	0.45047	0.351928	18	0.743963
HS_2017	CL21	0.524535	0.135652	0.339813	0.175523	13	0.650642
HS_2017	CL22	0.524535	0.135652	0.339813	0.175523	10	0.650642
HS_2017	CL23	0.524535	0.135652	0.339813	0.175523	10	0.650642
HS_2017	CL24	0.524535	0.135652	0.339813	0.175523	6	0.650642
HS_2017	CL25	0.524535	0.135652	0.339813	0.175523	19	0.650642
HS_2017	CL26	0.524535	0.135652	0.339813	0.175523	14	0.650642
HS_2017	CL27	0.524535	0.135652	0.339813	0.175523	16	0.650642
HS_2017	CL28	0.524535	0.135652	0.339813	0.175523	17	0.650642
HS_2017	CL29	0.524535	0.135652	0.339813	0.175523	15	0.650642
HS_2017	CL30	0.524535	0.135652	0.339813	0.175523	10	0.650642
MC_2017	CL31	0.507614	0.242379	0.250007	0.0942221	16	0.618743
MC_2017	CL32	0.507614	0.242379	0.250007	0.0942221	10	0.618743
MC_2017	CL33	0.507614	0.242379	0.250007	0.0942221	10	0.618743
MC_2017	CL34	0.507614	0.242379	0.250007	0.0942221	10	0.618743
MC_2017	CL35	0.507614	0.242379	0.250007	0.0942221	12	0.618743
MC_2017	CL36	0.507614	0.242379	0.250007	0.0942221	11	0.618743
MC_2017	CL37	0.507614	0.242379	0.250007	0.0942221	13	0.618743
MC_2017	CL38	0.507614	0.242379	0.250007	0.0942221	10	0.618743
MC_2017	CL39	0.507614	0.242379	0.250007	0.0942221	6	0.618743
MC_2017	CL40	0.507614	0.242379	0.250007	0.0942221	13	0.618743
NHS_2018	CL01	0.234579	0.128687	0.636734	0.0615211	13	0.553516
NHS_2018	CL02	0.234579	0.128687	0.636734	0.0615211	14	0.553516
NHS_2018	CL03	0.234579	0.128687	0.636734	0.0615211	18	0.553516
NHS_2018	CL04	0.234579	0.128687	0.636734	0.0615211	7	0.553516
NHS_2018	CL05	0.234579	0.128687	0.636734	0.0615211	9	0.553516
NHS_2018	CL06	0.234579	0.128687	0.636734	0.0615211	13	0.553516
NHS_2018	CL07	0.234579	0.128687	0.636734	0.0615211	15	0.553516
NHS_2018	CL08	0.234579	0.128687	0.636734	0.0615211	7	0.553516
NHS_2018	CL09	0.234579	0.128687	0.636734	0.0615211	13	0.553516
NHS_2018	CL10	0.234579	0.128687	0.636734	0.0615211	12	0.553516
CB_2018	CL11	0.0349447	0.0703393	0.894716	0.0646967	18	0.531515
CB_2018	CL12	0.0349447	0.0703393	0.894716	0.0646967	14	0.531515
CB_2018	CL13	0.0349447	0.0703393	0.894716	0.0646967	12	0.531515
CB_2018	CL14	0.0349447	0.0703393	0.894716	0.0646967	15	0.531515
CB_2018	CL15	0.0349447	0.0703393	0.894716	0.0646967	9	0.531515
CB_2018	CL16	0.0349447	0.0703393	0.894716	0.0646967	10	0.531515
CB_2018	CL17	0.0349447	0.0703393	0.894716	0.0646967	12	0.531515
CB_2018	CL18	0.0349447	0.0703393	0.894716	0.0646967	4	0.531515
CB_2018	CL19	0.0349447	0.0703393	0.894716	0.0646967	15	0.531515
CB_2018	CL20	0.0349447	0.0703393	0.894716	0.0646967	12	0.531515
MC_2018	CL21	0.53719	0.164223	0.298587	0.067399	11	0.569882
MC_2018	CL22	0.53719	0.164223	0.298587	0.067399	10	0.569882
MC_2018	CL23	0.53719	0.164223	0.298587	0.067399	9	0.569882
MC_2018	CL24	0.53719	0.164223	0.298587	0.067399	18	0.569882
MC_2018	CL25	0.53719	0.164223	0.298587	0.067399	14	0.569882
MC_2018	CL26	0.53719	0.164223	0.298587	0.067399	4	0.569882
MC_2018	CL27	0.53719	0.164223	0.298587	0.067399	18	0.569882
MC_2018	CL28	0.53719	0.164223	0.298587	0.067399	15	0.569882
MC_2018	CL29	0.53719	0.164223	0.298587	0.067399	10	0.569882
MC_2018	CL30	0.53719	0.164223	0.298587	0.067399	10	0.569882
TC_2018	CL31	0.606443	0.104289	0.289268	0.0992382	11	0.584901
TC_2018	CL32	0.606443	0.104289	0.289268	0.0992382	10	0.584901
TC_2018	CL33	0.606443	0.104289	0.289268	0.0992382	12	0.584901
TC_2018	CL34	0.606443	0.104289	0.289268	0.0992382	8	0.584901
TC_2018	CL35	0.606443	0.104289	0.289268	0.0992382	4	0.584901
TC_2018	CL36	0.606443	0.104289	0.289268	0.0992382	18	0.584901
TC_2018	CL37	0.606443	0.104289	0.289268	0.0992382	2	0.584901
TC_2018	CL38	0.606443	0.104289	0.289268	0.0992382	16	0.584901
TC_2018	CL39	0.606443	0.104289	0.289268	0.0992382	0	0.584901
TC_2018	CL40	0.606443	0.104289	0.289268	0.0992382	13	0.584901
MC_2016	CL01	0.284939	0.355571	0.35949	0.0408875	14	0.563367
MC_2016	CL02	0.284939	0.355571	0.35949	0.0408875	9	0.563367
MC_2016	CL03	0.284939	0.355571	0.35949	0.0408875	15	0.563367
MC_2016	CL04	0.284939	0.355571	0.35949	0.0408875	8	0.563367
MC_2016	CL05	0.284939	0.355571	0.35949	0.0408875	15	0.563367
MC_2016	CL06	0.284939	0.355571	0.35949	0.0408875	8	0.563367
MC_2016	CL07	0.284939	0.355571	0.35949	0.0408875	6	0.563367
MC_2016	CL08	0.284939	0.355571	0.35949	0.0408875	5	0.563367
MC_2016	CL09	0.284939	0.355571	0.35949	0.0408875	10	0.563367
MC_2016	CL10	0.284939	0.355571	0.35949	0.0408875	11	0.563367
NHS_2016	CL21	0.104686	0.141083	0.754232	0.0429897	16	0.542089
NHS_2016	CL12	0.104686	0.141083	0.754232	0.0429897	15	0.542089
NHS_2016	CL13	0.104686	0.141083	0.754232	0.0429897	13	0.542089
NHS_2016	CL14	0.104686	0.141083	0.754232	0.0429897	14	0.542089
NHS_2016	CL15	0.104686	0.141083	0.754232	0.0429897	13	0.542089
NHS_2016	CL23	0.104686	0.141083	0.754232	0.0429897	18	0.542089
NHS_2016	CL17	0.104686	0.141083	0.754232	0.0429897	14	0.542089
NHS_2016	CL18	0.104686	0.141083	0.754232	0.0429897	13	0.542089
NHS_2016	CL19	0.104686	0.141083	0.754232	0.0429897	18	0.542089
NHS_2016	CL20	0.104686	0.141083	0.754232	0.0429897	11	0.542089
