site.year	cleaner_ID	score_visitor	rel.abund.cleaners	rel.abund.visitors	rel.abund.residents	prob.Vis.Leav
CB_2010	CL01	9	0.0778210115868522	0.0733960815840117	0.848782906626509	0.04255362638
CB_2010	CL02	17	0.0778210115868522	0.0733960815840117	0.848782906626509	0.04255362638
CB_2010	CL03	3	0.0778210115868522	0.0733960815840117	0.848782906626509	0.04255362638
CB_2010	CL04	16	0.0778210115868522	0.0733960815840117	0.848782906626509	0.04255362638
CB_2010	CL05	11	0.0778210115868522	0.0733960815840117	0.848782906626509	0.04255362638
MC_2010	CL04	18	0.229057591590689	0.254173663944281	0.51676874446503	0.2126077771
MC_2010	CL03	18	0.229057591590689	0.254173663944281	0.51676874446503	0.2126077771
MC_2010	CL01	18	0.229057591590689	0.254173663944281	0.51676874446503	0.2126077771
MC_2010	CL07	18	0.229057591590689	0.254173663944281	0.51676874446503	0.2126077771
MC_2010	CL08	17	0.229057591590689	0.254173663944281	0.51676874446503	0.2126077771
MC_2010	CL09	10	0.229057591590689	0.254173663944281	0.51676874446503	0.2126077771
MC_2010	CL05	17	0.229057591590689	0.254173663944281	0.51676874446503	0.2126077771
MC_2010	CL02	18	0.229057591590689	0.254173663944281	0.51676874446503	0.2126077771
MC_2010	CL06	18	0.229057591590689	0.254173663944281	0.51676874446503	0.2126077771
MC_2010	CL10	5	0.229057591590689	0.254173663944281	0.51676874446503	0.2126077771
CB_2010	CL06	5	0.0778210115868522	0.0733960815840117	0.848782906626509	0.04255362638
CB_2010	CL07	13	0.0778210115868522	0.0733960815840117	0.848782906626509	0.04255362638
CB_2010	CL08	6	0.0778210115868522	0.0733960815840117	0.848782906626509	0.04255362638
CB_2010	CL09	9	0.0778210115868522	0.0733960815840117	0.848782906626509	0.04255362638
CB_2010	CL10	14	0.0778210115868522	0.0733960815840117	0.848782906626509	0.04255362638
CB_2017	CL01	13	0.0992063493988567	0.128428207416301	0.772365443238728	0.2021344875
CB_2017	CL02	10	0.0992063493988567	0.128428207416301	0.772365443238728	0.2021344875
CB_2017	CL03	4	0.0992063493988567	0.128428207416301	0.772365443238728	0.2021344875
CB_2017	CL04	15	0.0992063493988567	0.128428207416301	0.772365443238728	0.2021344875
CB_2017	CL05	10	0.0992063493988567	0.128428207416301	0.772365443238728	0.2021344875
CB_2017	CL06	9	0.0992063493988567	0.128428207416301	0.772365443238728	0.2021344875
CB_2017	CL07	10	0.0992063493988567	0.128428207416301	0.772365443238728	0.2021344875
CB_2017	CL08	6	0.0992063493988567	0.128428207416301	0.772365443238728	0.2021344875
CB_2017	CL09	12	0.0992063493988567	0.128428207416301	0.772365443238728	0.2021344875
CB_2017	CL10	1	0.0992063493988567	0.128428207416301	0.772365443238728	0.2021344875
NHS_2017	CL11	18	0.283209710037653	0.155418961610433	0.561371328351914	0.3519282894
NHS_2017	CL12	19	0.283209710037653	0.155418961610433	0.561371328351914	0.3519282894
NHS_2017	CL13	2	0.283209710037653	0.155418961610433	0.561371328351914	0.3519282894
NHS_2017	CL14	16	0.283209710037653	0.155418961610433	0.561371328351914	0.3519282894
NHS_2017	CL15	15	0.283209710037653	0.155418961610433	0.561371328351914	0.3519282894
NHS_2017	CL16	11	0.283209710037653	0.155418961610433	0.561371328351914	0.3519282894
NHS_2017	CL17	18	0.283209710037653	0.155418961610433	0.561371328351914	0.3519282894
NHS_2017	CL18	19	0.283209710037653	0.155418961610433	0.561371328351914	0.3519282894
NHS_2017	CL19	19	0.283209710037653	0.155418961610433	0.561371328351914	0.3519282894
NHS_2017	CL20	18	0.283209710037653	0.155418961610433	0.561371328351914	0.3519282894
HS_2017	CL21	13	0.349689791468188	0.185536265040507	0.464773943659296	0.1755231251
HS_2017	CL22	10	0.349689791468188	0.185536265040507	0.464773943659296	0.1755231251
HS_2017	CL23	10	0.349689791468188	0.185536265040507	0.464773943659296	0.1755231251
HS_2017	CL24	6	0.349689791468188	0.185536265040507	0.464773943659296	0.1755231251
HS_2017	CL25	19	0.349689791468188	0.185536265040507	0.464773943659296	0.1755231251
HS_2017	CL26	14	0.349689791468188	0.185536265040507	0.464773943659296	0.1755231251
HS_2017	CL27	16	0.349689791468188	0.185536265040507	0.464773943659296	0.1755231251
HS_2017	CL28	17	0.349689791468188	0.185536265040507	0.464773943659296	0.1755231251
HS_2017	CL29	15	0.349689791468188	0.185536265040507	0.464773943659296	0.1755231251
HS_2017	CL30	10	0.349689791468188	0.185536265040507	0.464773943659296	0.1755231251
MC_2017	CL31	16	0.338409475574394	0.325671067101955	0.335919457323651	0.09422209917
MC_2017	CL32	10	0.338409475574394	0.325671067101955	0.335919457323651	0.09422209917
MC_2017	CL33	10	0.338409475574394	0.325671067101955	0.335919457323651	0.09422209917
MC_2017	CL34	10	0.338409475574394	0.325671067101955	0.335919457323651	0.09422209917
MC_2017	CL35	12	0.338409475574394	0.325671067101955	0.335919457323651	0.09422209917
MC_2017	CL36	11	0.338409475574394	0.325671067101955	0.335919457323651	0.09422209917
MC_2017	CL37	13	0.338409475574394	0.325671067101955	0.335919457323651	0.09422209917
MC_2017	CL38	10	0.338409475574394	0.325671067101955	0.335919457323651	0.09422209917
MC_2017	CL39	6	0.338409475574394	0.325671067101955	0.335919457323651	0.09422209917
MC_2017	CL40	13	0.338409475574394	0.325671067101955	0.335919457323651	0.09422209917
NHS_2018	CL01	13	0.15638575148645	0.141833568895922	0.701780679617628	0.06152105338
NHS_2018	CL02	14	0.15638575148645	0.141833568895922	0.701780679617628	0.06152105338
NHS_2018	CL03	18	0.15638575148645	0.141833568895922	0.701780679617628	0.06152105338
NHS_2018	CL04	7	0.15638575148645	0.141833568895922	0.701780679617628	0.06152105338
NHS_2018	CL05	9	0.15638575148645	0.141833568895922	0.701780679617628	0.06152105338
NHS_2018	CL06	13	0.15638575148645	0.141833568895922	0.701780679617628	0.06152105338
NHS_2018	CL07	15	0.15638575148645	0.141833568895922	0.701780679617628	0.06152105338
NHS_2018	CL08	7	0.15638575148645	0.141833568895922	0.701780679617628	0.06152105338
NHS_2018	CL09	13	0.15638575148645	0.141833568895922	0.701780679617628	0.06152105338
NHS_2018	CL10	12	0.15638575148645	0.141833568895922	0.701780679617628	0.06152105338
CB_2018	CL11	18	0.0232964472403988	0.0711883056126302	0.905515247428877	0.06469668538
CB_2018	CL12	14	0.0232964472403988	0.0711883056126302	0.905515247428877	0.06469668538
CB_2018	CL13	12	0.0232964472403988	0.0711883056126302	0.905515247428877	0.06469668538
CB_2018	CL14	15	0.0232964472403988	0.0711883056126302	0.905515247428877	0.06469668538
CB_2018	CL15	9	0.0232964472403988	0.0711883056126302	0.905515247428877	0.06469668538
CB_2018	CL16	10	0.0232964472403988	0.0711883056126302	0.905515247428877	0.06469668538
CB_2018	CL17	12	0.0232964472403988	0.0711883056126302	0.905515247428877	0.06469668538
CB_2018	CL18	4	0.0232964472403988	0.0711883056126302	0.905515247428877	0.06469668538
CB_2018	CL19	15	0.0232964472403988	0.0711883056126302	0.905515247428877	0.06469668538
CB_2018	CL20	12	0.0232964472403988	0.0711883056126302	0.905515247428877	0.06469668538
MC_2018	CL21	11	0.358126721923024	0.227761485830234	0.414111792381778	0.06739899363
MC_2018	CL22	10	0.358126721923024	0.227761485830234	0.414111792381778	0.06739899363
MC_2018	CL23	9	0.358126721923024	0.227761485830234	0.414111792381778	0.06739899363
MC_2018	CL24	18	0.358126721923024	0.227761485830234	0.414111792381778	0.06739899363
MC_2018	CL25	14	0.358126721923024	0.227761485830234	0.414111792381778	0.06739899363
MC_2018	CL26	4	0.358126721923024	0.227761485830234	0.414111792381778	0.06739899363
MC_2018	CL27	18	0.358126721923024	0.227761485830234	0.414111792381778	0.06739899363
MC_2018	CL28	15	0.358126721923024	0.227761485830234	0.414111792381778	0.06739899363
MC_2018	CL29	10	0.358126721923024	0.227761485830234	0.414111792381778	0.06739899363
MC_2018	CL30	10	0.358126721923024	0.227761485830234	0.414111792381778	0.06739899363
TC_2018	CL31	11	0.404295641275444	0.157855893901741	0.437848464984128	0.09923815456
TC_2018	CL32	10	0.404295641275444	0.157855893901741	0.437848464984128	0.09923815456
TC_2018	CL33	12	0.404295641275444	0.157855893901741	0.437848464984128	0.09923815456
TC_2018	CL34	8	0.404295641275444	0.157855893901741	0.437848464984128	0.09923815456
TC_2018	CL35	4	0.404295641275444	0.157855893901741	0.437848464984128	0.09923815456
TC_2018	CL36	18	0.404295641275444	0.157855893901741	0.437848464984128	0.09923815456
TC_2018	CL37	2	0.404295641275444	0.157855893901741	0.437848464984128	0.09923815456
TC_2018	CL38	16	0.404295641275444	0.157855893901741	0.437848464984128	0.09923815456
TC_2018	CL39	0	0.404295641275444	0.157855893901741	0.437848464984128	0.09923815456
TC_2018	CL40	13	0.404295641275444	0.157855893901741	0.437848464984128	0.09923815456
MC_2016	CL01	14	0.189959294558415	0.402801063089254	0.407239642352331	0.04088754947
MC_2016	CL02	9	0.189959294558415	0.402801063089254	0.407239642352331	0.04088754947
MC_2016	CL03	15	0.189959294558415	0.402801063089254	0.407239642352331	0.04088754947
MC_2016	CL04	8	0.189959294558415	0.402801063089254	0.407239642352331	0.04088754947
MC_2016	CL05	15	0.189959294558415	0.402801063089254	0.407239642352331	0.04088754947
MC_2016	CL06	8	0.189959294558415	0.402801063089254	0.407239642352331	0.04088754947
MC_2016	CL07	6	0.189959294558415	0.402801063089254	0.407239642352331	0.04088754947
MC_2016	CL08	5	0.189959294558415	0.402801063089254	0.407239642352331	0.04088754947
MC_2016	CL09	10	0.189959294558415	0.402801063089254	0.407239642352331	0.04088754947
MC_2016	CL10	11	0.189959294558415	0.402801063089254	0.407239642352331	0.04088754947
NHS_2016	CL21	16	0.0697906281479341	0.146581266663387	0.783628105188679	0.04298967966
NHS_2016	CL12	15	0.0697906281479341	0.146581266663387	0.783628105188679	0.04298967966
NHS_2016	CL13	13	0.0697906281479341	0.146581266663387	0.783628105188679	0.04298967966
NHS_2016	CL14	14	0.0697906281479341	0.146581266663387	0.783628105188679	0.04298967966
NHS_2016	CL15	13	0.0697906281479341	0.146581266663387	0.783628105188679	0.04298967966
NHS_2016	CL23	18	0.0697906281479341	0.146581266663387	0.783628105188679	0.04298967966
NHS_2016	CL17	14	0.0697906281479341	0.146581266663387	0.783628105188679	0.04298967966
NHS_2016	CL18	13	0.0697906281479341	0.146581266663387	0.783628105188679	0.04298967966
NHS_2016	CL19	18	0.0697906281479341	0.146581266663387	0.783628105188679	0.04298967966
NHS_2016	CL20	11	0.0697906281479341	0.146581266663387	0.783628105188679	0.04298967966
